massfeature_rows	m/z	retention_time	p_value	statistic	CompoundID_from_user
row1	832.583993588	3.16211050086	2.67016978162e-10	-8.6903750566	3022
row2	213.022216509	11.9045225929	2.67016978162e-10	-8.57248574687	1517
row3	787.665916111	3.99347800836	8.34113655194e-10	-8.22248800748	2947
row4	203.052382355	12.0510386192	2.71911997481e-09	7.88909153688	1401
row5	101.070954399	11.9299788793	3.71220202896e-09	-7.76760942133	101
row6	468.308435777	3.97057929749	4.41379952467e-09	-7.68673294501	2664
row7	809.587544759	3.18516886424	5.19468606162e-09	-7.61452236622	2987
row8	280.235072703	3.07718842405	5.21148351789e-09	7.583352965	2175
row9	808.583447081	3.16916865472	1.59703531959e-08	-7.30058273049	2985
row10	766.573801676	3.19284546459	1.76237400741e-08	-7.22492690283	2912
row11	380.255810738	6.71370195684	1.76237400741e-08	-7.22199525249	2549
row12	147.076407483	11.9052137761	1.76237400741e-08	-7.21204962735	613
row13	149.080662489	11.907904573	1.81427571242e-08	-7.18701707473	659
row14	148.079706584	11.9035780899	1.88142730146e-08	-7.16165277953	634
row15	811.604003906	3.16644759667	1.95678554018e-08	-7.13677685704	2990
row16	807.572096854	3.18234872493	2.39390013504e-08	-7.07556142416	2982
row17	783.572179769	3.20446706848	2.50580123014e-08	-7.05108589544	2937
row18	126.021980687	12.2095355114	2.82623260996e-08	-7.01018851737	324
row19	904.590341319	2.99671849663	3.25771200719e-08	-6.96494361963	3108
row20	810.600011324	3.17127473078	3.35075944025e-08	-6.94660062364	2989
row21	153.09107381	4.36395956146	4.51507907403e-08	-6.84818329843	708
row22	148.073457562	11.9153768782	4.51507907403e-08	-6.84665787727	633
row23	782.568738435	3.20423622099	4.51507907403e-08	-6.83741646895	2936
row24	806.568784902	3.17983498468	4.51507907403e-08	-6.82840292072	2980
row25	236.072804482	11.8556404	4.51507907403e-08	6.82600467165	1796
row26	794.605079309	3.17332267539	6.61996406615e-08	-6.71765934182	2960
row27	812.614479065	3.17385424764	6.61996406615e-08	-6.71701347356	2992
row28	784.58405063	3.19567541081	6.61996406615e-08	-6.70947457454	2938
row29	171.076423143	11.8927992204	6.61996406615e-08	-6.70271988164	951
row30	172.079715154	11.8965491849	6.73293640745e-08	-6.69089684262	967
row31	235.080415569	11.8522790908	6.94814927625e-08	6.67594281781	1784
row32	785.58795166	3.20243380523	8.68885062498e-08	-6.61644865942	2939
row33	169.058368482	11.8970382726	8.86409568879e-08	-6.60461066506	926
row34	815.696910801	3.3167827055	1.0961875241e-07	-6.54801982636	2999
row35	131.053271143	11.887341208	1.29939146744e-07	-6.50143837328	397
row36	813.620170711	3.16735507302	1.81877820523e-07	-6.41593767325	2995
row37	836.61396445	3.15612647393	1.93603192195e-07	-6.39480835073	3027
row38	130.049926557	11.8902778269	2.13253483056e-07	-6.36578225519	365
row39	217.107140165	3.71855200692	3.20749679645e-07	-6.26333000095	1580
row40	834.600056171	3.15696281694	3.50545194629e-07	-6.23631835235	3025
row41	769.59261213	3.18809564857	3.70128713349e-07	-6.21631800515	2918
row42	258.110001815	11.3506158706	3.70128713349e-07	-6.21188061304	1993
row43	814.626237401	3.15290002607	3.72087042058e-07	-6.20505097638	2997
row44	768.58904444	3.19569675016	3.92416770936e-07	-6.1869786281	2915
row45	835.60336156	3.15812566737	4.44587576327e-07	-6.15199547708	3026
row46	133.060775054	10.333907315	5.04929523667e-07	6.11648922944	425
row47	521.343375004	3.78543139446	5.12242028398e-07	-6.10794343109	2722
row48	494.324076189	3.86492462771	5.85997731679e-07	-6.07085338629	2693
row49	170.061675541	11.9024925551	7.0152371373e-07	-6.02293763304	940
row50	166.053307483	10.8401456842	8.73516413782e-07	5.965570786	893
row51	795.608786843	3.170420734	9.17723055317e-07	-5.94608233886	2961
row52	742.573997716	3.2101628472	9.17723055317e-07	-5.94430538947	2875
row53	770.60319519	3.19827258897	1.09151476803e-06	-5.89801959395	2921
row54	545.343097189	3.71693773541	1.167244669e-06	-5.87405748527	2745
row55	796.619432449	3.17772906877	1.167244669e-06	-5.87293218	2963
row56	544.339624353	3.7130083018	1.35938032118e-06	-5.8317991426	2744
row57	520.34004091	3.7646980979	1.39671045782e-06	-5.82097136986	2720
row58	469.311962206	3.97422789495	1.99028391351e-06	-5.73088909426	2666
row59	837.618204753	3.15076792969	2.2110912906e-06	-5.70113089636	3028
row60	797.623622054	3.16025200588	2.28487353747e-06	-5.68903941375	2966
row61	767.577111606	3.19096532669	2.29379293863e-06	-5.68152245169	2913
row62	235.118639986	6.7164970101	2.29379293863e-06	5.68009605117	1787
row63	275.103354738	11.8912975958	2.34396356733e-06	5.6709157119	2114
row64	221.153690866	3.40930317322	2.52506878505e-06	5.6488994228	1631
row65	205.126404021	9.29280034267	2.67146658174e-06	-5.63133177203	1441
row66	792.58900532	3.17424326169	3.37053323876e-06	-5.57062510805	2958
row67	905.593771012	2.99893937706	3.63858357599e-06	-5.54812524861	3109
row68	113.059673909	3.46487043657	3.71060489563e-06	5.53965947729	172
row69	204.123141581	9.29506392194	4.07245198581e-06	-5.51314821164	1419
row70	787.603593927	3.1828694994	4.14778360637e-06	-5.50508130971	2944
row71	786.600047061	3.18717774364	4.21780946289e-06	-5.49745197862	2942
row72	146.092455016	11.9397038775	4.46380196043e-06	5.47755269985	602
row73	816.701686991	3.3019741241	4.46380196043e-06	-5.47659490113	3000
row74	781.556099543	3.22256921621	5.82245675505e-06	-5.4074037917	2934
row75	801.683343276	3.29423927793	6.04223045516e-06	-5.39486486903	2973
row76	780.552582236	3.21558252077	6.39000179661e-06	-5.37765391397	2932
row77	495.327559456	3.8611968663	6.87565429183e-06	-5.35615575754	2695
row78	171.076459483	9.2359345444	6.97004162455e-06	-5.34954000202	952
row79	756.553134245	3.23796904597	9.70311221154e-06	-5.26359475067	2894
row80	424.341920756	3.70254434738	1.10854001429e-05	-5.22445829573	2620
row81	119.016192028	10.0975540407	1.10854001429e-05	-5.22383361762	253
row82	744.588998546	3.2089196055	1.15915662675e-05	-5.20949615377	2878
row83	181.072042729	6.7037301188	1.30995753139e-05	-5.17557103302	1100
row84	234.133583196	3.72693418919	1.3599455344e-05	-5.1630738858	6915
row85	523.359145717	3.73649391467	1.45147003619e-05	-5.14358802599	2725
row86	522.355883147	3.73698690196	1.54967709429e-05	-5.12402056825	2724
row87	130.049957175	9.23573823615	1.58576906146e-05	-5.11524068576	366
row88	675.543216759	3.46378694726	1.84297553931e-05	-5.07409363143	2830
row89	191.040284656	11.9114270141	1.91177449758e-05	-5.06186763919	1236
row90	185.128542171	4.43510818154	1.99378584668e-05	5.04829408822	1150
row91	759.572288112	3.2158704317	2.08600106915e-05	-5.03391543246	2898
row92	773.587627016	3.20318474758	2.14501354312e-05	-5.02398266067	2925
row93	758.568829185	3.21358041732	3.34628920736e-05	-4.90679425027	2897
row94	774.598490589	3.19673460428	3.82819621582e-05	-4.86916682245	2927
row95	149.117311529	4.01666007706	5.34816109362e-05	4.77926255266	662
row96	254.025911073	10.7961083686	5.78348350336e-05	-4.75601098641	1963
row97	154.058688856	11.7133722814	5.80546573681e-05	4.75229616824	714
row98	496.339679116	3.81947167478	6.26472679119e-05	-4.72959630888	2696
row99	498.345832825	3.81395682337	6.40018295595e-05	-4.71960838526	2701
row100	212.99954368	10.8051930829	6.40018295595e-05	-4.71655569789	1516
row101	234.014714997	9.79680535703	6.40018295595e-05	-4.71602817522	1766
row102	496.339665243	6.67838650145	6.72819214502e-05	-4.70025526015	2697
row103	497.343136235	3.82270923495	6.75363435527e-05	-4.69668487988	2698
row104	499.348385184	3.82135217676	6.99510847793e-05	-4.68485599929	2703
row105	482.324212124	3.85737394875	7.10134671651e-05	-4.67834217124	2678
row106	772.584147578	3.20902399417	8.04853199821e-05	-4.64266391405	2923
row107	305.251486672	3.34616116401	8.36764679796e-05	-4.6298441273	2332
row108	162.076120017	9.36507503203	8.45105549069e-05	4.62473481263	847
row109	510.355678558	3.75556672991	9.31664666099e-05	-4.59631439001	2711
row110	136.042766918	10.0992891808	9.35180462576e-05	-4.59287372734	459
row111	236.072851539	10.8712509029	0.000126374322191	-4.5075322666	3945
row112	159.157357765	3.61378549807	0.000126374322191	4.50734566621	810
row113	112.050562	9.76502164353	0.000194819920822	4.38706462871	168
row114	176.037662841	6.71438045935	0.000194819920822	-4.38519241533	1031
row115	595.492783276	3.00049264503	0.000197200765945	-4.37948921121	2781
row116	151.047797162	11.872232773	0.000219890997382	-4.34730535267	676
row117	127.050235748	10.0611887142	0.000230328876644	4.3322178967	325
row118	172.096825148	6.71038437607	0.000244306940753	4.31367040472	970
row119	380.255829562	4.24807727514	0.000280131063752	-4.27254535167	2548
row120	144.101958865	10.8185247458	0.000280131063752	4.271252044	566
row121	789.618006999	3.18515877546	0.00034549023914	-4.21067860564	2953
row122	497.343118191	6.6902299591	0.000349026430307	-4.20413840718	2699
row123	158.154016997	3.61479464298	0.000349026430307	4.20326247625	785
row124	139.050260793	8.15384274804	0.00036793149979	4.18625737455	500
row125	209.092138993	9.3233161988	0.000377445036711	4.17686221083	1463
row126	190.086226295	6.71757080015	0.000382429265291	-4.17095315723	1229
row127	199.180536601	3.61399658918	0.000422727067622	4.14059316986	1360
row128	334.295066458	3.00561130194	0.000431814502063	-4.13239543688	2445
row129	304.248147707	3.33835009499	0.000438909452564	-4.12560837607	2322
row130	788.61208464	3.18832000458	0.00046437359244	-4.1061972705	2949
row131	150.058384343	9.80156046751	0.00046437359244	-4.10533972939	667
row132	133.03179998	9.80164293922	0.000520991278143	-4.0705808975	423
row133	799.668107986	3.29227476759	0.000585469344473	-4.03520775745	2969
row134	120.080804825	8.85449959897	0.00062642403909	4.01373902587	264
row135	199.169343794	3.35541496821	0.000657396392414	-3.99777741793	1359
row136	146.117602566	4.32823362225	0.000666619538707	3.99166008611	608
row137	287.221509231	3.33673478994	0.000684521761772	-3.98193993627	2230
row138	166.086320903	8.85579309652	0.000696143621961	3.97500435503	895
row139	151.061730398	9.79946090814	0.000732812662989	-3.95813095238	678
row140	207.112880606	8.85046754361	0.000760521413318	3.94534336572	1450
row141	597.508512878	3.00225985885	0.000822395383848	-3.92063520532	4370
row142	84.0442725232	11.8823811635	0.000919558305809	-3.88457004041	38
row143	132.054153824	11.8975042728	0.000919558305809	-3.88406176482	410
row144	279.158965261	3.35969508384	0.000943143274919	-3.874638459	2151
row145	167.089611254	8.85715367108	0.00103044897455	3.84670860647	906
row146	880.589932066	3.00120723283	0.00111420371326	-3.82173380691	3083
row147	288.224853304	3.33907865387	0.00116193910114	-3.80736304612	2237
row148	111.116827138	3.35659244562	0.00117335446586	-3.80247807168	166
row149	610.504201861	3.01401994435	0.0011869789391	-3.79708064964	2793
row150	188.070650306	7.69589835493	0.00120218554257	-3.79134172015	1190
row151	547.358496094	3.70293120628	0.0012511644567	-3.77755579887	2749
row152	592.493465058	2.97531579488	0.0015043562647	-3.72074890045	2779
row153	689.558652963	3.44589840406	0.00169038329963	-3.68383181106	2837
row154	302.232518756	4.37099481709	0.00171346792545	-3.67779206283	2315
row155	289.053348999	9.96724566067	0.00180729892084	-3.65977337238	2242
row156	147.076405843	10.106347763	0.00184380624558	3.65179127315	615
row157	148.04266542	6.7142529037	0.00193995102165	-3.6344744329	626
row158	814.686932614	3.26714789731	0.00201251341177	-3.62140745561	2998
row159	267.171824561	3.36788144574	0.00203349821245	-3.61633880182	2051
row160	128.0706107	9.77143839513	0.00210076315175	3.60452983422	338
row161	142.122730356	3.80346091235	0.00211439031202	3.60066190693	535
row162	195.087785554	4.37564978388	0.00212964354933	-3.59658300851	1312
row163	140.01075387	3.36233601575	0.00214979549874	-3.59183244714	507
row164	104.106965669	6.57922915716	0.0022575373849	-3.57501791417	125
row165	744.553227107	3.19500498612	0.00257725174214	-3.53247000586	2877
row166	179.127837532	4.37517839875	0.00264267083663	-3.5228728638	1078
row167	182.13882137	4.27108573769	0.00269403336199	-3.51506991992	1110
row168	268.175172206	3.38427430903	0.00294745956689	-3.48535277008	2058
row169	160.133245912	7.38485996502	0.00324695250369	-3.45334640229	827
row170	264.180477729	3.47083174785	0.00341479502888	3.4357251724	2037
row171	174.112561544	6.71071731439	0.00362317774696	-3.41528114143	1005
row172	400.342028069	3.76884381625	0.00370989765494	-3.40599731742	2600
row173	701.558766415	3.42053495429	0.00375538954797	-3.40032665287	2842
row174	682.486353132	3.07537905437	0.00395923184602	3.38180273466	2836
row175	702.562222455	3.43508991095	0.00441751444466	-3.34519933061	2843
row176	165.112234718	4.26747559117	0.00448467369885	-3.33857172185	885
row177	575.466711539	2.97971704731	0.00476764506028	-3.31574328447	2767
row178	681.483151449	3.07408048456	0.00476764506028	3.31539626384	2835
row179	249.060962016	9.95825529871	0.00477545171547	-3.3130765112	1909
row180	155.106687516	4.19565017483	0.0048089649128	-3.30904748613	726
row181	218.138725381	8.41637103851	0.00485715861103	-3.30406905909	1591
row182	183.112874884	6.71641156777	0.0049918289047	3.29350804478	1122
row183	518.322045577	4.00667790511	0.00513862368498	-3.28240887475	2716
row184	613.523046875	2.99142322571	0.00533909667233	-3.26829424081	2798
row185	426.357601378	3.68184710887	0.00542776672743	-3.26089340928	2629
row186	168.065756256	6.71562097235	0.00542776672743	3.25946733348	915
row187	180.065567795	4.60253190613	0.00551307444439	-3.25267689058	3643
row188	123.055280434	6.71584604171	0.00562249330356	-3.24456922986	298
row189	180.159443604	3.79937528597	0.00567991746457	3.23824256495	1089
row190	247.144029875	7.69255780532	0.00567991746457	-3.23782859719	1901
row191	163.13287735	3.79946720069	0.00580658935787	3.22894212294	862
row192	190.049857892	6.71104122718	0.00593808350194	3.21993952002	1221
row193	164.136320014	3.80013847293	0.00596076438101	3.21601946368	878
row194	147.076388079	6.87883997253	0.00596076438101	-3.21531227174	614
row195	612.519663086	2.99117168782	0.00597468582886	-3.21287075145	2796
row196	152.05416253	9.80049087974	0.00603179206074	-3.20669026576	690
row197	248.147335862	7.69264965026	0.00603179206074	-3.20642447208	1907
row198	469.388840606	3.15979382128	0.00613422133118	-3.19925413215	2667
row199	139.05836337	9.88208702855	0.00633538863566	-3.18701775205	3365
row200	542.322647353	3.78322037281	0.00644216711878	-3.17987785259	2743
row201	594.509007772	2.97821230683	0.00663267207345	-3.16864128332	2780
row202	247.092393546	9.23847457591	0.00690167376578	3.1538805877	3990
row203	785.651127345	3.29446270681	0.0069573520394	-3.14959026849	2940
row204	107.070277766	3.80810849914	0.00696458780309	3.14762018901	152
row205	157.073837594	11.7754670135	0.00710724628505	-3.13928371902	755
row206	120.065543175	9.57777067637	0.00765113588313	3.11315484471	259
row207	209.153694562	3.60986604194	0.00813358476685	3.09111175355	1468
row208	676.546512076	3.46450763159	0.00837535131616	-3.07967848561	2832
row209	338.34160436	3.33678599488	0.0088423982488	-3.05981816112	2451
row210	524.37135596	3.70290365191	0.00884663513352	-3.05804801735	2726
row211	156.07682491	11.7754296911	0.0092561680816	-3.04116296243	737
row212	525.374697635	3.70120072502	0.00925778849228	-3.03950405619	2728
row213	89.059652909	3.80364270049	0.00933690354567	3.03502999783	63
row214	180.065528128	6.71078191832	0.00936135695708	-3.03255697439	3642
row215	232.117945931	4.37089250103	0.00961875276162	3.02177282838	1752
row216	133.060769734	12.1002112143	0.00962570341129	-3.01995099584	424
row217	558.473051848	3.04166015559	0.00967993842672	-3.01647114467	2757
row218	232.15431364	7.6069807004	0.0101891039471	-2.99743795989	1754
row219	146.081198743	8.32931134828	0.0102526658986	2.99375076467	599
row220	199.096617299	4.36536888625	0.0110046295093	-2.96793906551	4907
row221	519.32546194	3.99289224802	0.0117937595753	-2.94251627727	2718
row222	148.096823319	3.80393541033	0.0127546360023	2.91380652938	637
row223	786.65692393	3.30119168898	0.0131960930725	-2.90039425333	2943
row224	200.172691752	3.36250563691	0.0141062821081	-2.8755067168	1372
row225	199.107791965	6.74435836475	0.0144686802441	-2.86503791266	3750
row226	181.162771586	3.80665268725	0.0151193868986	2.84798450775	1101
row227	203.139155739	10.3351863693	0.015598805448	2.83539445961	1405
row228	212.149306919	4.40797920596	0.0166125883032	-2.81149326862	1507
row229	314.232429981	6.71001001068	0.017602056969	-2.78929484659	2372
row230	546.35525216	3.69143678014	0.0190525999315	-2.75931196029	2746
row231	619.49072876	2.92791745755	0.0199743784195	-2.74069273049	2803
row232	204.12314174	6.71267228872	0.0200204644053	-2.73829579806	1420
row233	127.086596061	6.71790310463	0.0208099416815	-2.72271161675	330
row234	188.07065763	9.95592112508	0.0209499245449	-2.71871825736	1189
row235	187.096441672	4.38444408686	0.0225638476103	-2.69008189846	1173
row236	614.535410842	2.98480332695	0.0227094756488	-2.68616959334	2799
row237	159.076462896	12.419902031	0.0228382510908	-2.68254583636	798
row238	157.080165963	11.7724593988	0.0229486000446	-2.67923176683	756
row239	110.071297093	11.7797875746	0.0231862507766	-2.67390663904	162
row240	130.049894669	6.71171113046	0.0236328080095	-2.66535019681	367
row241	526.377429447	3.70252190017	0.0248389013072	-2.64543385901	2729
row242	286.201093073	4.39654007674	0.0249684895945	-2.64197321539	2226
row243	146.060057949	9.95492012053	0.0257764952073	-2.62862333518	597
row244	299.258009042	3.05009506547	0.0258125304154	-2.6265768702	2289
row245	512.334872714	4.20078622348	0.0258556334166	-2.62392183989	4343
row246	314.232453597	4.36989347173	0.0258556334166	-2.62291854355	2371
row247	114.034041318	8.58986693286	0.0267828154858	2.60826600667	175
row248	205.097262132	9.95605280951	0.0274255843824	-2.59788188864	1439
row249	213.09843031	4.66011704545	0.0286371204359	-2.58014134612	1520
row250	568.339757746	3.67488107021	0.0286971627372	-2.57784434995	2763
row251	731.605558675	3.37123630729	0.0292718364349	-2.56886569927	2861
row252	206.100569273	9.95654527397	0.0308338339098	-2.54671073446	1448
row253	196.15445088	4.35510243609	0.0308338339098	-2.54618639164	1328
row254	732.553580271	3.24733806159	0.0310350319275	-2.54221823412	2863
row255	115.086633231	9.1813157524	0.0321122674088	2.52773315808	198
row256	272.185426448	6.70998645593	0.0335250288632	-2.50977796668	2094
row257	225.148548453	3.58881643063	0.0339239452017	2.50374672352	1659
row258	118.04987377	9.11566244783	0.0346985076297	2.4935784841	229
row259	281.247324277	3.01220610434	0.0349151700401	-2.48969247635	2185
row260	132.142080272	9.27349271079	0.0365365916725	2.47067451713	420
row261	158.117635572	4.39119132418	0.0365917515018	-2.46860369205	778
row262	317.268570818	2.99278254469	0.0368349988637	-2.46455362442	2392
row263	201.112250869	4.34517558325	0.0383648599106	-2.4472560258	1382
row264	219.142042962	8.41412219989	0.0410339250815	-2.4194712449	3867
row265	116.070477009	8.61149454931	0.0416952105008	2.41170375983	214
row266	150.058374104	6.72035305874	0.0418248296768	2.40900028393	668
row267	105.073995891	10.2258736913	0.0419495384448	2.40635027167	134
row268	176.103011985	12.4235297981	0.0426326729731	-2.39850594205	1037
row269	176.074062874	4.27690699487	0.0428614971085	-2.39492066966	1034
row270	195.122821432	4.40422173628	0.0428908553738	-2.39318340038	1322
row271	240.142365985	4.38086801218	0.0441271615344	-2.380464998	1833
row272	168.101977435	6.71441239098	0.0463572848203	-2.35938192731	3577
row273	185.117389163	4.38696326491	0.0465712312636	-2.35607843281	1149
row274	117.091008973	4.12308675296	0.0477438938993	2.34466663431	3256
row275	757.556735335	3.22221415278	0.0484640609241	-2.33719987601	2895
row276	134.081023668	11.7054950281	0.0511194173329	-2.31334565982	443
row277	230.158011343	10.5509918864	0.0511194173329	2.31278668421	1731
row278	729.589954215	3.38676286191	0.0514384708477	-2.30881165853	2855
row279	177.106335991	12.4233976027	0.0518421204198	-2.30419108218	1053
row280	273.185812054	3.45163469362	0.0522302897785	-2.29971449754	2096
row281	663.453161541	3.07059012743	0.0566101066285	2.26541909489	2824
row282	106.04988068	12.4684519451	0.0569079723669	2.2618102612	144
row283	760.583855478	3.20659415472	0.0571202849922	-2.25882871537	2901
row284	703.574441609	3.41256520774	0.0608112035594	-2.23155925171	2844
row285	118.052451226	10.4183518323	0.062892231608	-2.21514308495	232
row286	615.538849369	2.99217065465	0.062892231608	-2.2146841231	2800
row287	176.07068129	8.2961942401	0.0650645196186	-2.19906987904	1033
row288	251.185222749	3.75475806102	0.0659409264427	-2.19201680935	1931
row289	200.128239751	6.73195562925	0.0665423924926	2.18533864596	1366
row290	343.189620417	9.2923357267	0.0665423924926	2.18530883435	2472
row291	104.070601815	10.2203901811	0.0672644870156	2.17932939181	122
row292	149.100242908	10.1924075252	0.0725511358077	-2.14591093585	3452
row293	664.456694685	3.07828230719	0.0735783112548	2.1371793827	2825
row294	757.621024392	3.3754228403	0.0735783112548	-2.13702947098	2896
row295	193.09492997	4.6624185428	0.0738744289681	-2.13363626784	1271
row296	454.29274401	3.81597289106	0.0738744289681	2.13242879819	2654
row297	328.248145512	4.31440126643	0.0750938656338	-2.12399790061	2419
row298	189.123420816	10.435195654	0.0767463294305	2.11323667604	1213
row299	145.105297089	9.19850094314	0.0794451561399	2.09693280146	588
row300	265.118136686	4.4335869256	0.08198822671	-2.08187323318	5128
row301	152.070632299	6.70876916231	0.0820162152723	2.08028348031	692
row302	160.034530981	10.5680084086	0.0839054311826	-2.06895620406	815
row303	104.052838157	9.80154753528	0.0849181473793	-2.06229331342	121
row304	194.146884373	4.13190482488	0.0871687024852	-2.0494304007	1299
row305	114.055063963	9.6258286819	0.0954742112936	2.00789016855	177
row306	132.065557222	8.3417847294	0.0957290627433	2.00525513555	413
row307	187.096541821	6.70944679327	0.0977625290076	-1.99445831181	1174
row308	148.060445612	9.5993902709	0.100583739487	-1.98030532728	631
row309	246.123644855	9.96030024648	0.102364272239	-1.97098862862	1887
row310	704.577804565	3.41484495972	0.103447741713	-1.96480627609	2845
row311	189.073888277	9.95317964206	0.105151267364	-1.95599889222	1205
row312	204.123168509	4.37370738497	0.10944757536	-1.93642417462	3779
row313	144.101975301	9.19625632448	0.110594716914	1.93023120686	565
row314	761.58776213	3.20233150833	0.117426557614	-1.90137114703	2902
row315	218.211481596	6.69937511562	0.119788509712	-1.8907430641	1599
row316	132.061895872	9.28242044809	0.119839911738	1.88908352721	411
row317	164.029382279	11.5999646262	0.12144258307	-1.88148805296	869
row318	200.054365519	9.03911797826	0.124979826139	-1.86671584382	1364
row319	170.117574661	6.71231884259	0.127315540282	1.8566320823	944
row320	342.263850162	4.15032438856	0.130166676588	-1.8448177205	2469
row321	680.479823062	3.07306981084	0.13211371731	1.83552462654	2834
row322	286.201059702	6.71285183892	0.13211371731	-1.8349289847	2225
row323	131.081559332	11.7969044265	0.137373734854	-1.81505481697	399
row324	105.110563819	16.7011050266	0.14484236284	1.78841419155	137
row325	239.148649316	4.38227518452	0.14766600201	-1.77648743493	1824
row326	266.121456269	6.71217892107	0.14766600201	-1.77622523511	2042
row327	315.235863037	4.37261360319	0.1476708561	-1.77372682573	2378
row328	133.099021064	9.28805597918	0.1476708561	1.77246055601	436
row329	129.127384132	3.49848189926	0.1476708561	-1.77100820103	357
row330	288.216820417	4.3840229851	0.1476708561	-1.77035235173	2234
row331	482.360557992	3.86972975835	0.1503307258	1.75902959421	2680
row332	129.102224986	10.8821118449	0.1503307258	1.75884083209	353
row333	91.058296053	11.7939896103	0.151418747498	-1.75390307201	73
row334	248.149168212	9.47752928409	0.151933278963	1.75081059779	1908
row335	160.096874183	10.2328499869	0.15201226441	1.7491110158	817
row336	159.027786255	9.03375257119	0.152175900467	-1.74714509903	789
row337	153.065878718	6.75941942253	0.158239134858	1.72668737472	704
row338	90.0549752085	11.7950020218	0.158786130209	-1.72355302055	67
row339	230.095791926	11.9510369298	0.160041146565	-1.71825383608	1724
row340	244.190778475	3.87308355631	0.16139002343	-1.7126932556	1870
row341	206.127345226	9.28120147161	0.164854048311	-1.70080023458	1449
row342	139.050135732	9.04449488445	0.166737825746	-1.69374498773	502
row343	242.284095965	6.71101664839	0.167239845223	-1.69081388515	1844
row344	160.096846932	6.71847126504	0.168699956071	-1.68506516298	824
row345	154.069228724	6.76426534495	0.168992264581	1.68276601926	716
row346	175.001748678	9.03496360211	0.174863395279	-1.66281102883	1016
row347	260.185491761	6.71452574696	0.174863395279	-1.66152405099	2006
row348	151.057927258	9.80727609407	0.174863395279	1.6614322358	677
row349	202.107325769	4.37691728208	0.176420546117	1.65555447605	1391
row350	265.118113066	6.71132185144	0.177401846351	-1.65133508246	2038
row351	300.201438378	4.30861422124	0.177519916319	-1.64956747413	2293
row352	202.107466513	6.7121410988	0.178917645922	1.6441908209	1389
row353	102.054975221	9.79951395738	0.180457806343	-1.63843965818	109
row354	137.045839132	9.04270668723	0.187972894672	-1.61632856169	480
row355	134.108634059	9.30018421682	0.188095272114	1.61421477825	3349
row356	163.115813908	10.7418861628	0.188095272114	1.61312817005	859
row357	164.119436164	10.7393043131	0.192837616465	1.59897277962	877
row358	140.068200217	9.59522505195	0.194656570386	1.59272229973	510
row359	178.072381738	9.03937848078	0.203264662054	-1.56895806272	1068
row360	142.08635962	9.04297342577	0.206333265968	1.55973345006	531
row361	129.065845552	10.9377792422	0.206924485452	-1.55680044098	3305
row362	733.556831965	3.2348017414	0.207825839652	-1.55256225363	2868
row363	202.143864176	6.71118762425	0.207825839652	1.55165444307	1394
row364	173.117157217	4.25529260877	0.209016083105	-1.54723496616	989
row365	162.050171708	10.4026374615	0.214515253257	-1.53218093078	842
row366	175.071430149	9.92745219836	0.214576953416	1.53059048001	1019
row367	148.060419986	11.7584354239	0.215752891698	1.52577096217	630
row368	143.08161308	10.3312146037	0.215752891698	-1.52484068034	544
row369	163.109594445	10.7406219766	0.21742171774	1.5183139888	855
row370	198.112592578	4.38443258855	0.21742171774	1.51790909797	1340
row371	745.592627892	3.1969129755	0.218325553663	-1.51428523881	2881
row372	316.24815979	6.7085415433	0.221424849798	-1.50537853219	2385
row373	114.055031103	8.43270522521	0.22257918543	1.50118457834	176
row374	105.073990337	11.1499613848	0.228927996422	1.48473163395	135
row375	256.175326498	4.38253153783	0.23065684541	-1.47926245874	1976
row376	256.165400187	6.70207368158	0.233764372177	1.47062899388	1970
row377	162.112485598	10.7402116694	0.235642600838	1.46487726274	848
row378	217.129543516	11.6414348776	0.237918484262	-1.45750321676	1582
row379	288.216792163	6.71057538781	0.237918484262	-1.4568125354	2235
row380	257.113046515	8.04658580548	0.242607198955	1.44477628497	1982
row381	164.116464314	10.7396773713	0.243393331311	1.4415803244	876
row382	157.097244056	6.73510110094	0.245090030556	-1.43635586576	761
row383	194.092490031	6.79009214638	0.249537119485	1.4250711743	1295
row384	239.138904973	6.70223023443	0.250555778459	-1.4213990814	1821
row385	216.159542285	4.31319831703	0.25455887495	1.41122908491	1572
row386	212.095165486	4.63103808313	0.259438858486	-1.39888297495	1499
row387	184.096899196	6.7111141752	0.259438858486	1.39710956578	4854
row388	198.087410198	9.1032100633	0.259438858486	-1.39640744525	1338
row389	169.085983169	6.707108773	0.260138780909	1.39347765598	929
row390	174.112560667	9.82136113308	0.261259402556	1.38965390437	1004
row391	131.089657024	9.51298111361	0.263150159345	1.38420115595	402
row392	788.670919565	3.32101145049	0.264795313049	-1.3781515548	2951
row393	133.105275706	9.28400534311	0.264795313049	1.37786075205	437
row394	132.10193634	9.28268114994	0.265380029599	1.3752002082	417
row395	134.106129659	9.28237363941	0.268700515175	1.36679068921	450
row396	229.154701835	10.5569367841	0.272760010237	1.35690805099	1713
row397	138.049180624	9.04045057562	0.276281334264	-1.3482170338	488
row398	705.581534536	3.4138461302	0.27735891121	-1.34457890989	2848
row399	102.054974001	11.5988692734	0.277831259311	1.34218519659	107
row400	154.072402376	9.03697799013	0.27887230874	-1.33863174886	4735
row401	188.128160477	6.71155794477	0.280184543057	1.33453188295	1196
row402	138.05500683	9.88574317021	0.285302040333	-1.32275264569	490
row403	239.127763278	3.59801563435	0.287831971311	-1.31625518806	1819
row404	174.087404963	11.5179826485	0.293446219509	-1.30368496886	1002
row405	174.131865012	9.28929556927	0.293719263942	1.30171657402	1010
row406	149.063827624	11.7641884347	0.294483640601	1.29878295482	658
row407	161.09232039	6.73059151902	0.294730885835	1.29687005526	835
row408	188.128191409	4.39418400885	0.295079348432	-1.29476028944	1195
row409	762.591349284	3.20570510795	0.296849892922	-1.2898605964	2904
row410	266.121519186	4.45711663365	0.298145646096	-1.28590216637	2043
row411	151.096529749	6.6976043427	0.302660874658	-1.27569877642	683
row412	130.08632419	9.51387876834	0.303903406459	1.27187409032	372
row413	182.08128106	10.8253124027	0.304263050053	1.26975773234	1105
row414	76.0757065328	9.35989326927	0.306247227659	1.26435829324	20
row415	151.061510032	7.64546953727	0.306247227659	1.26309636963	679
row416	243.948088805	10.0775303694	0.307657902317	-1.25896979996	3975
row417	174.112584812	4.38959529295	0.311205374556	1.25077633311	1008
row418	175.107808966	10.8435925992	0.312545234597	-1.24681149652	1022
row419	214.252950696	6.77671316705	0.314475047388	-1.24173804424	1544
row420	249.184855068	3.42338288641	0.316836697535	-1.2356107092	1911
row421	136.075745934	10.8269335321	0.316836697535	1.23444835261	467
row422	184.096931056	4.41351942383	0.321623538008	1.22406660961	4855
row423	144.101989304	6.7077556235	0.326593593839	-1.21343475776	568
row424	186.112525438	6.71080562973	0.327871156639	1.20965932616	1155
row425	173.128555699	9.28048446066	0.329417317594	1.20539706713	996
row426	228.12258888	8.59394655737	0.329953761003	1.20287102503	1686
row427	217.179928335	3.49688506749	0.329953761003	-1.20157352321	1583
row428	183.084596032	10.8254468782	0.330580030155	1.1990081816	1116
row429	316.248171378	4.31512486349	0.335549741428	-1.18852569651	2384
row430	136.048232602	8.55757372319	0.340668692125	1.1778618606	460
row431	145.097196012	11.1439323125	0.342173699367	1.17373882579	583
row432	229.154663789	8.61264972402	0.350917469776	1.15608412258	1712
row433	133.07379572	11.6910543399	0.350917469776	-1.15496211866	428
row434	133.080099809	11.6907787635	0.350917469776	-1.15392407503	429
row435	239.164100071	3.51224592698	0.352983299029	1.14886170043	1829
row436	76.0393112584	12.3886194878	0.357472830315	1.13957783377	18
row437	139.050258954	7.04541618977	0.358982598495	1.13552115531	499
row438	128.070602962	6.71255657271	0.365625536476	-1.12261057141	5793
row439	161.092090306	11.6036774285	0.368840059524	1.11566998825	834
row440	226.180166391	3.89297026683	0.372764048723	-1.10612613351	1669
row441	114.066248074	11.6878951241	0.372764048723	-1.10611678088	184
row442	508.376312041	3.77338383141	0.373283561712	1.10380042066	2706
row443	220.118007609	7.99788879412	0.376913362678	-1.09622312753	1623
row444	204.950964961	9.66439462291	0.382795429292	1.08491094431	1432
row445	165.054702257	10.828761338	0.38715474688	1.07621389821	883
row446	253.154569706	4.14302397824	0.394848559919	1.06138515925	1960
row447	154.049869319	6.71730156092	0.394848559919	1.06064113891	712
row448	158.0812246	9.01090386508	0.396583920381	-1.05635382121	3502
row449	139.050221092	9.67439283877	0.406989706995	1.03803520927	498
row450	763.594949433	3.20319249294	0.408527568369	-1.03410901124	2906
row451	131.089654521	10.3136792158	0.409678047972	-1.03080830909	401
row452	138.054955363	6.72646302081	0.41257733262	-1.02471560502	491
row453	241.031003152	12.5978707577	0.414236317733	1.02061390398	1839
row454	216.123111157	6.72113451357	0.420065434037	1.0099106772	4977
row455	146.081210836	10.3550096682	0.420159163854	-1.00830260107	600
row456	303.023937828	10.4124143605	0.428257711134	-0.99412122638	2319
row457	287.099995375	6.7203394728	0.433592361805	-0.98435606976	4109
row458	74.0600356518	11.6090911751	0.441695690858	0.970398105142	10
row459	262.14361512	6.6858191201	0.445185199222	-0.963251677432	2019
row460	130.086324089	10.3158538638	0.445185199222	-0.962108059186	371
row461	246.133181789	6.7111820492	0.446681284706	-0.958349377847	1889
row462	138.042923535	9.04319852431	0.462069248238	-0.933661762752	487
row463	283.103406733	7.63893658778	0.464291887472	0.927640693592	2192
row464	188.09180538	4.43717427945	0.464291887472	-0.927365054855	1192
row465	228.123088229	6.70605872016	0.465643923672	-0.923861528255	1684
row466	236.11285226	3.48746733994	0.469247897907	-0.917018336318	1800
row467	218.138736099	6.70694640986	0.4777763667	0.902951146965	1593
row468	148.096826375	10.9467899537	0.489529430159	-0.88433864966	641
row469	327.158314354	10.5766294741	0.492644128265	-0.878332702638	2416
row470	124.086992957	10.3561221657	0.499488501349	0.865531227032	309
row471	205.143559105	3.48202377223	0.499488501349	0.865478291524	1442
row472	160.133299978	10.6992974004	0.513469686757	-0.844117695476	826
row473	157.060843919	9.81763855335	0.521921189668	-0.830097176519	754
row474	232.117918788	6.70932791419	0.521921189668	0.829204330495	1751
row475	201.112240906	6.70075358814	0.525259726035	-0.82120199723	1383
row476	231.133939442	10.577613627	0.525259726035	-0.820351996321	1740
row477	158.100585737	10.5738680722	0.525259726035	-0.819939881482	776
row478	480.344769694	3.77761413781	0.526689394694	0.816413091082	2677
row479	223.096549385	3.49122227776	0.527652349849	-0.812613591734	1642
row480	118.074790101	10.5767626088	0.527652349849	-0.812004969199	238
row481	222.170041536	3.48165072596	0.532335426877	0.803959621063	1638
row482	246.169904709	6.86309391423	0.541684707658	-0.788760084447	1895
row483	141.065876911	8.53790969116	0.541684707658	-0.787966777093	516
row484	129.065856331	11.7393010541	0.553793870539	0.769863593497	344
row485	304.211732366	6.72258173874	0.565065414919	-0.753069040626	2320
row486	121.068885301	11.6072150413	0.565354350063	0.751115035352	273
row487	200.027071903	10.5774227918	0.573476651031	-0.738661047139	1363
row488	272.18544947	3.48876436857	0.578594608019	-0.730266477907	2093
row489	134.081169025	7.23370454806	0.578689323508	-0.727554642831	444
row490	130.086309897	6.71466468117	0.578689323508	-0.726990586761	374
row491	170.117611143	4.38330367884	0.579561896683	0.724255476813	943
row492	147.120945183	10.7328460256	0.591686318889	0.706612112209	3438
row493	183.974693576	12.4944240934	0.594373219028	0.701487957066	1125
row494	228.123110621	4.3899315022	0.595437033162	-0.698501983487	1685
row495	171.076453962	8.30022523384	0.607964754167	-0.680512434752	953
row496	119.083410815	9.60849022777	0.609770859246	0.676562149357	254
row497	156.101995587	6.71109385884	0.616301465335	-0.66648242169	742
row498	146.117582422	10.7265338251	0.62322293536	0.65590503204	604
row499	120.065558132	11.6047272634	0.62322293536	0.654041395961	258
row500	142.948117665	12.4794647823	0.62322293536	-0.652711471301	541
row501	237.05221221	10.4105706134	0.623880615912	-0.650253734594	1808
row502	191.164194408	3.60631564957	0.6253078754	-0.646802675044	1251
row503	117.073946702	10.5784709864	0.626645332152	-0.643467950296	224
row504	114.098458225	8.60431950566	0.627880298542	0.640265850851	187
row505	127.072722379	9.9967415248	0.634641490471	0.629948047727	327
row506	326.378002514	6.70673749395	0.637123064354	-0.625146232165	2412
row507	223.107745622	10.8223846118	0.639973571944	0.618847904744	1644
row508	148.096812298	10.1861173674	0.639973571944	-0.61825639349	635
row509	120.092930744	9.60800084844	0.649897681345	0.603617052156	268
row510	130.069300802	11.7380389445	0.649897681345	0.602320693153	369
row511	103.069531816	9.63255961593	0.64998951837	-0.598815832724	116
row512	216.058481505	9.32192192396	0.64998951837	0.597802202767	1564
row513	176.065845774	9.28788886166	0.64998951837	0.597334624228	1032
row514	70.0651239596	10.5779601275	0.658372477792	-0.585016439172	1
row515	132.101927908	6.70333532874	0.660041201207	-0.581202326214	418
row516	150.11252065	8.21405355074	0.660041201207	0.579634847686	670
row517	118.077185079	10.5780229587	0.66273615393	-0.574576311059	239
row518	275.103332214	4.73097605533	0.662991218478	0.572018330113	2116
row519	183.078154213	3.60118124723	0.662991218478	0.569407769535	1112
row520	627.535191051	3.00660603731	0.662991218478	-0.56936698125	2804
row521	119.089638861	9.60893962069	0.663867961966	0.565474993988	256
row522	114.066231583	8.59995237746	0.663867961966	0.564997940513	183
row523	218.138473055	4.21719841071	0.664076013864	-0.562789410917	1592
row524	160.116195578	10.4075139525	0.664076013864	-0.559885473008	825
row525	118.086244325	9.60742545992	0.664076013864	0.559694500598	240
row526	202.042729428	10.4067607312	0.664076013864	-0.558246692066	1388
row527	132.065596229	11.5752025607	0.669546239437	0.549623421428	412
row528	198.084980413	12.4151472024	0.676776188957	0.538773300037	1337
row529	87.0789191723	11.7103396677	0.677478180476	-0.536248013825	58
row530	139.017925878	4.76509924507	0.680271616467	0.529888972156	497
row531	214.090887851	4.63741911376	0.680271616467	-0.529426926415	1533
row532	130.065154281	6.72681043413	0.680290205029	-0.526685946748	3317
row533	177.054698308	3.47783024731	0.680290205029	-0.526142283946	1041
row534	202.180192065	6.86563350435	0.682559732572	-0.521616481372	4923
row535	157.086033161	4.40159045318	0.689366785283	0.510946162779	759
row536	168.123077602	6.69642852013	0.689366785283	-0.509676375584	922
row537	157.09724095	10.5788550074	0.692369138005	-0.504219630315	760
row538	106.086293916	9.50445115234	0.69311230813	-0.501635540454	145
row539	115.069548506	8.60199140214	0.696011659905	0.495399892504	192
row540	86.096400228	9.24832954253	0.696011659905	0.492990812571	49
row541	148.096792399	9.10577367895	0.696011659905	0.491587682486	638
row542	117.067634432	10.5803915327	0.696011659905	-0.491391229442	223
row543	120.09051082	9.60833441162	0.696476994524	0.4891608664	266
row544	746.60433524	3.1912716127	0.700584960558	-0.482285038901	2883
row545	236.072931741	4.66516492581	0.70739814723	-0.471974677415	1798
row546	310.201327883	4.3724006387	0.714519494789	0.461293023129	2351
row547	734.568844444	3.22581704331	0.750082976087	0.415020321206	2870
row548	171.101638678	4.37023949575	0.767815600533	-0.390679702017	955
row549	344.279508803	4.10462189802	0.767815600533	0.389632606084	2480
row550	183.101672925	6.70203946893	0.767850520555	-0.387863904515	1118
row551	284.330980895	6.89412121698	0.768400499719	0.385459225346	2207
row552	119.083410564	10.406870962	0.772735886817	-0.378373074628	255
row553	143.106741224	4.38605891883	0.776032904608	0.372529441778	3390
row554	198.112560756	6.71449368113	0.776032904608	-0.370836255777	1341
row555	171.095777642	10.5260529806	0.785740825067	-0.357113746337	954
row556	186.112677002	4.39472383892	0.788899330609	-0.351474778874	1156
row557	102.066213457	9.64806837092	0.789663086776	0.348784906635	111
row558	158.081241137	4.52650399937	0.794590605344	-0.340959496058	4755
row559	261.120855103	6.69968897148	0.796473316971	0.336884019954	2012
row560	125.096142753	4.3767845295	0.798117186262	0.332567350686	318
row561	115.063217765	8.60420427116	0.798117186262	0.331343382288	191
row562	219.018991771	10.5758213153	0.800586143174	-0.326536918723	1610
row563	213.123385029	6.71359959697	0.802622461665	-0.322261659774	1526
row564	133.068867594	11.573744912	0.810200933824	0.311141693933	427
row565	328.161703256	10.5872067527	0.816250709155	0.301625703279	2418
row566	240.142205489	6.70325703983	0.816250709155	0.30013091855	1832
row567	344.227831268	4.19660254665	0.820360607619	-0.293281612334	2478
row568	301.989913247	10.403313712	0.821349129782	0.290278092259	2303
row569	790.622256192	3.18252007494	0.821937980691	0.28776660796	2956
row570	155.092721538	8.6058847243	0.825764309559	0.281253328946	725
row571	119.089640969	10.4075723281	0.830234851006	-0.273940001311	257
row572	332.331023298	6.71605800853	0.833257835736	0.268409575702	2441
row573	120.092919601	10.4045216178	0.834639917469	0.262637170937	269
row574	114.05500412	6.71170752458	0.834639917469	-0.261646163618	181
row575	156.138399482	4.38882315816	0.834639917469	0.261302925396	748
row576	72.0808040217	10.4047291287	0.843424283622	-0.248620776942	6
row577	132.076762772	11.7119474476	0.867842559194	0.21666762937	416
row578	188.091793161	6.71139221512	0.882344594557	-0.196988288481	1191
row579	246.24264697	6.66363520002	0.886055406581	-0.19055720492	1898
row580	166.086333211	6.71470522499	0.893399460132	-0.179657171763	897
row581	735.572416976	3.22430834643	0.898604308215	0.171373375785	2871
row582	743.577063543	3.20198222918	0.899030787587	-0.168950589635	2876
row583	186.112543673	9.3974064942	0.905517421935	-0.159072212545	1154
row584	297.242404049	3.2141627939	0.907856731377	-0.15428372138	2286
row585	118.061084597	12.5313950379	0.911102035005	-0.148373091521	233
row586	329.173964629	10.3999451489	0.916720235639	0.139529889623	2425
row587	129.102238816	10.1401051833	0.923506774996	0.126569526897	352
row588	118.120189721	10.4024711469	0.923506774996	-0.12458371387	248
row589	158.117638675	8.65825398384	0.923506774996	0.124525014648	777
row590	144.102002019	10.3127791655	0.923506774996	-0.123419422793	569
row591	730.59344205	3.3866545984	0.928991840563	0.11468557569	2857
row592	118.086226363	10.4061008576	0.929444733798	-0.112177069689	241
row593	120.090516291	10.4042893035	0.936191376993	-0.101853292548	267
row594	239.138971329	4.38045851107	0.938383629585	-0.097169831267	1822
row595	148.096785159	6.83271463708	0.959533421051	-0.0689183385261	636
row596	191.084932923	9.80184624308	0.963455163186	0.0620397202078	1238
row597	181.039702733	9.67024741769	0.967802947504	-0.0546173954182	1095
row598	284.196829282	6.69721897964	0.976284990299	-0.0420278336447	2202
row599	159.112869965	10.4069893694	0.9769243433	-0.0391956778967	805
row600	170.09242986	10.5478900942	0.980821164932	-0.03219456277	10779
row601	268.140266087	9.2184141296	0.980821164932	0.030246831513	2057
row602	343.295467189	4.11481187822	0.990951209978	0.0155050462573	2476
row603	202.143872172	4.3816757114	0.991581532425	-0.0126504485717	1393
row604	156.102002003	4.37061432112	0.999571629951	-0.000538652240223	743
