massfeature_rows	m/z	retention_time	p_value	statistic	CompoundID_from_user
row1	213.022216509	11.9045225929	9.08241142303e-66	-66.9963328135	1517
row2	832.583993588	3.16211050086	7.7579930526e-58	-51.7197524999	3022
row3	101.070954399	11.9299788793	1.77225164033e-17	-12.3758771662	101
row4	203.052382355	12.0510386192	6.47197773516e-16	11.437509131	1401
row5	809.587544759	3.18516886424	1.15173934116e-12	-9.63478702259	2987
row6	808.583447081	3.16916865472	5.57573875758e-11	-8.70419911554	2985
row7	147.076407483	11.9052137761	6.46594546667e-11	-8.63518278023	613
row8	148.079706584	11.9035780899	1.10239272957e-10	-8.48291861074	634
row9	807.572096854	3.18234872493	1.74645357211e-10	-8.35102186504	2982
row10	149.080662489	11.907904573	2.19552462232e-10	-8.27473893788	659
row11	766.573801676	3.19284546459	6.12931349385e-10	-8.01851066514	2912
row12	280.235072703	3.07718842405	7.20894738657e-10	7.96154448777	2175
row13	811.604003906	3.16644759667	8.32563771977e-10	-7.91031720655	2990
row14	787.665916111	3.99347800836	1.0225109621e-09	-7.84635989648	2947
row15	783.572179769	3.20446706848	1.32255706531e-09	-7.77167941757	2937
row16	806.568784902	3.17983498468	4.06736270042e-09	-7.49926829102	2980
row17	468.308435777	3.97057929749	6.07387164607e-09	-7.39313949175	2664
row18	904.590341319	2.99671849663	8.06074991198e-09	-7.31481526733	3108
row19	148.073457562	11.9153768782	8.28640762014e-09	-7.29599279953	633
row20	810.600011324	3.17127473078	1.03611609343e-08	-7.23262995371	2989
row21	782.568738435	3.20423622099	1.20347613872e-08	-7.18679549288	2936
row22	794.605079309	3.17332267539	2.08782083152e-08	-7.04859400785	2960
row23	169.058368482	11.8970382726	4.06727691492e-08	-6.88345545439	926
row24	836.61396445	3.15612647393	6.14116245923e-08	-6.77753096219	3027
row25	171.076423143	11.8927992204	1.12469843753e-07	-6.62644997808	951
row26	172.079715154	11.8965491849	1.29258965067e-07	-6.58460185769	967
row27	784.58405063	3.19567541081	1.50867436236e-07	-6.53093413544	2938
row28	812.614479065	3.17385424764	1.50867436236e-07	-6.53085439702	2992
row29	236.072804482	11.8556404	1.62252709817e-07	6.50547304017	1796
row30	380.255810738	6.71370195684	1.69375311421e-07	-6.48736891264	2549
row31	126.021980687	12.2095355114	2.5919439801e-07	-6.37917842169	324
row32	785.58795166	3.20243380523	2.88729541853e-07	-6.34611457677	2939
row33	166.053307483	10.8401456842	3.48276009725e-07	6.29434981485	893
row34	131.053271143	11.887341208	4.22950874309e-07	-6.23542334333	397
row35	258.110001815	11.3506158706	4.22950874309e-07	-6.23418525579	1993
row36	235.080415569	11.8522790908	4.65723146456e-07	6.20453141063	1784
row37	769.59261213	3.18809564857	4.85101092627e-07	-6.1882799615	2918
row38	153.09107381	4.36395956146	5.83461735411e-07	-6.137829678	708
row39	130.049926557	11.8902778269	8.57811532788e-07	-6.0392603427	365
row40	834.600056171	3.15696281694	9.15905808542e-07	-6.01742931281	3025
row41	768.58904444	3.19569675016	9.2906418798e-07	-6.00806048225	2915
row42	133.060775054	10.333907315	1.43950981664e-06	5.89661472433	425
row43	813.620170711	3.16735507302	2.09148292615e-06	-5.80028641821	2995
row44	835.60336156	3.15812566737	2.39663532659e-06	-5.76152580657	3026
row45	815.696910801	3.3167827055	2.44600597551e-06	-5.75107378402	2999
row46	217.107140165	3.71855200692	2.63985027652e-06	-5.72709330146	1580
row47	170.061675541	11.9024925551	2.9591361026e-06	-5.69391886762	940
row48	814.626237401	3.15290002607	5.40228549471e-06	-5.54072378423	2997
row49	742.573997716	3.2101628472	6.84327249121e-06	-5.47706664027	2875
row50	795.608786843	3.170420734	7.57465954298e-06	-5.44682313258	2961
row51	521.343375004	3.78543139446	8.14384879206e-06	-5.42386295606	2722
row52	796.619432449	3.17772906877	9.53477213289e-06	-5.37968402883	2963
row53	469.311962206	3.97422789495	1.52108567025e-05	-5.257689367	2666
row54	494.324076189	3.86492462771	1.58974525791e-05	-5.24183724066	2693
row55	545.343097189	3.71693773541	1.59714452805e-05	-5.23603239697	2745
row56	235.118639986	6.7164970101	1.73066918335e-05	5.21118344063	1787
row57	770.60319519	3.19827258897	2.22138733678e-05	-5.14336803442	2921
row58	544.339624353	3.7130083018	2.39863035367e-05	-5.11939393171	2744
row59	520.34004091	3.7646980979	2.75463033391e-05	-5.07970302048	2720
row60	792.58900532	3.17424326169	4.59576758528e-05	-4.94374130075	2958
row61	767.577111606	3.19096532669	5.21605713686e-05	-4.90664923538	2913
row62	797.623622054	3.16025200588	5.93330464003e-05	-4.86892028175	2966
row63	205.126404021	9.29280034267	6.23564947663e-05	-4.85179332184	1441
row64	171.076459483	9.2359345444	6.75987327751e-05	-4.8265961862	952
row65	837.618204753	3.15076792969	7.6719659257e-05	-4.78937837422	3028
row66	221.153690866	3.40930317322	7.72813051517e-05	4.78345590168	1631
row67	275.103354738	11.8912975958	7.96528301764e-05	4.77156394632	2114
row68	204.123141581	9.29506392194	0.000106963675364	-4.6898431115	1419
row69	146.092455016	11.9397038775	0.000106979038273	4.68362074086	602
row70	905.593771012	2.99893937706	0.000106979038273	-4.68212014179	3109
row71	130.049957175	9.23573823615	0.000109160452978	-4.67300039601	366
row72	816.701686991	3.3019741241	0.000129860025605	-4.62139733239	3000
row73	495.327559456	3.8611968663	0.000129860025605	-4.61796086826	2695
row74	786.600047061	3.18717774364	0.000129860025605	-4.61575323722	2942
row75	787.603593927	3.1828694994	0.000130775263984	-4.61029203732	2944
row76	780.552582236	3.21558252077	0.000138527222154	-4.59134860938	2932
row77	113.059673909	3.46487043657	0.000141067296757	4.58298108038	172
row78	781.556099543	3.22256921621	0.000162501281462	-4.54153175704	2934
row79	801.683343276	3.29423927793	0.000228061927021	-4.44639135782	2973
row80	756.553134245	3.23796904597	0.000356554786839	-4.32052729023	2894
row81	181.072042729	6.7037301188	0.000399478607405	-4.28251910841	1100
row82	185.128542171	4.43510818154	0.000399478607405	4.28225413731	1150
row83	774.598490589	3.19673460428	0.000406872181518	-4.27380467212	2927
row84	424.341920756	3.70254434738	0.000433863483831	-4.25262704264	2620
row85	234.133583196	3.72693418919	0.000434915025131	-4.24865945704	6915
row86	119.016192028	10.0975540407	0.000451881025276	-4.23136724142	253
row87	523.359145717	3.73649391467	0.000451881025276	-4.22942808983	2725
row88	744.588998546	3.2089196055	0.000451881025276	-4.22832400321	2878
row89	234.014714997	9.79680535703	0.000464006729717	-4.21777289096	1766
row90	522.355883147	3.73698690196	0.000464869671401	-4.21351672723	2724
row91	499.348385184	3.82135217676	0.000464869671401	-4.21104022803	2703
row92	498.345832825	3.81395682337	0.00053860901272	-4.16667824294	2701
row93	496.339679116	3.81947167478	0.000541675574649	-4.16203909059	2696
row94	497.343136235	3.82270923495	0.000594727552866	-4.13267635992	2698
row95	510.355678558	3.75556672991	0.000674313615129	-4.09410819887	2711
row96	675.543216759	3.46378694726	0.000696164770548	-4.08206995682	2830
row97	191.040284656	11.9114270141	0.000731233437978	-4.065126416	1236
row98	773.587627016	3.20318474758	0.000762800738537	-4.05014065978	2925
row99	482.324212124	3.85737394875	0.00077441588056	-4.04037356918	2678
row100	212.99954368	10.8051930829	0.00077441588056	-4.04004717364	1516
row101	759.572288112	3.2158704317	0.000790543203753	-4.03130109582	2898
row102	254.025911073	10.7961083686	0.000801855612165	-4.02440815518	1963
row103	154.058688856	11.7133722814	0.00100246283852	3.95730468841	714
row104	209.092138993	9.3233161988	0.00114500806342	3.91592660864	1463
row105	758.568829185	3.21358041732	0.00126343373033	-3.88443039331	2897
row106	190.086226295	6.71757080015	0.00147983109285	-3.8352689831	1229
row107	496.339665243	6.67838650145	0.00148377763586	-3.83171918146	2697
row108	149.117311529	4.01666007706	0.00173739423003	3.7823114798	662
row109	162.076120017	9.36507503203	0.00209887540777	3.72321263971	847
row110	236.072851539	10.8712509029	0.00259430223245	-3.65666294793	3945
row111	112.050562	9.76502164353	0.00281635650285	3.62900608086	168
row112	305.251486672	3.34616116401	0.00317435691498	-3.58940472953	2332
row113	772.584147578	3.20902399417	0.00317435691498	-3.58554946751	2923
row114	136.042766918	10.0992891808	0.00317435691498	-3.58435775981	459
row115	159.157357765	3.61378549807	0.00372911465559	3.5321310446	810
row116	380.255829562	4.24807727514	0.00408655955661	-3.50109735737	2548
row117	497.343118191	6.6902299591	0.00471835130166	-3.45359127953	2699
row118	128.0706107	9.77143839513	0.0048990179962	3.43914190883	338
row119	524.37135596	3.70290365191	0.00496149850042	-3.43251040388	2726
row120	176.037662841	6.71438045935	0.00512051661211	-3.41995110354	1031
row121	789.618006999	3.18515877546	0.00565900042903	-3.3857358322	2953
row122	525.374697635	3.70120072502	0.00574719141811	-3.37822128353	2728
row123	595.492783276	3.00049264503	0.00639302060815	-3.34171257075	2781
row124	144.101958865	10.8185247458	0.00783977949597	3.27352253828	566
row125	127.050235748	10.0611887142	0.00790847620384	3.26711004405	325
row126	151.047797162	11.872232773	0.00790847620384	-3.26551659575	676
row127	188.070650306	7.69589835493	0.00809174029713	-3.25552193361	1190
row128	139.050260793	8.15384274804	0.00929671480833	3.20768791775	500
row129	334.295066458	3.00561130194	0.00958706981747	-3.19504536704	2445
row130	172.096825148	6.71038437607	0.010033678139	3.17752284109	970
row131	199.180536601	3.61399658918	0.0104192179673	3.1625474318	1360
row132	304.248147707	3.33835009499	0.0119186702714	-3.11536452172	2322
row133	788.61208464	3.18832000458	0.0121593980236	-3.10467939696	2949
row134	139.05836337	9.88208702855	0.0121593980236	-3.1036592704	3365
row135	289.053348999	9.96724566067	0.0128413161011	-3.08287581093	2242
row136	158.154016997	3.61479464298	0.0133696357347	3.06682617537	785
row137	150.058384343	9.80156046751	0.0140132696226	-3.04847523379	667
row138	133.03179998	9.80164293922	0.0147951458368	-3.02760043727	423
row139	199.169343794	3.35541496821	0.0153026187715	-3.01366700023	1359
row140	597.508512878	3.00225985885	0.0158732005701	-2.99872453135	4370
row141	526.377429447	3.70252190017	0.0171061197265	-2.97063372007	2729
row142	287.221509231	3.33673478994	0.0174262400803	-2.96181796967	2230
row143	146.117602566	4.32823362225	0.0175695424784	2.95657480047	608
row144	120.080804825	8.85449959897	0.0182902103298	2.93940056885	264
row145	302.232518756	4.37099481709	0.0182902103298	-2.93787792061	2315
row146	744.553227107	3.19500498612	0.0185806131217	-2.93003421908	2877
row147	288.224853304	3.33907865387	0.0190659707138	-2.91870468287	2237
row148	547.358496094	3.70293120628	0.0191092005381	-2.91555762815	2749
row149	132.054153824	11.8975042728	0.0191661839585	-2.90891501642	410
row150	151.061730398	9.79946090814	0.0191661839585	-2.90763950868	678
row151	160.133245912	7.38485996502	0.0191661839585	-2.9075291661	827
row152	84.0442725232	11.8823811635	0.0204380385531	-2.88228422678	38
row153	799.668107986	3.29227476759	0.0204380385531	-2.88045675475	2969
row154	207.112880606	8.85046754361	0.0206671865193	2.87425607763	1450
row155	166.086320903	8.85579309652	0.0207587745012	2.87042754126	895
row156	279.158965261	3.35969508384	0.0221707422089	-2.84495847375	2151
row157	111.116827138	3.35659244562	0.0223033619543	-2.84058803679	166
row158	682.486353132	3.07537905437	0.0233418753524	2.82219347136	2836
row159	168.065756256	6.71562097235	0.0241029949498	2.80852464788	915
row160	155.106687516	4.19565017483	0.0258506633863	-2.78124475675	726
row161	249.060962016	9.95825529871	0.0265503690145	-2.76941001297	1909
row162	681.483151449	3.07408048456	0.0265954349125	2.76657099338	2835
row163	167.089611254	8.85715367108	0.0287758383988	2.73587494961	906
row164	264.180477729	3.47083174785	0.029083889111	2.72979084756	2037
row165	190.049857892	6.71104122718	0.029854146072	2.7180735119	1221
row166	880.589932066	3.00120723283	0.0301578571782	-2.71218251388	3083
row167	610.504201861	3.01401994435	0.0302149601582	-2.70930117211	2793
row168	182.13882137	4.27108573769	0.0306981946255	-2.70132398897	1110
row169	157.073837594	11.7754670135	0.0310403072429	-2.69509672826	755
row170	213.09843031	4.66011704545	0.0329493733934	-2.67100876147	1520
row171	267.171824561	3.36788144574	0.0330347630337	-2.66682479522	2051
row172	188.07065763	9.95592112508	0.0330347630337	-2.66385951844	1189
row173	195.087785554	4.37564978388	0.0330347630337	-2.66274428829	1312
row174	814.686932614	3.26714789731	0.0330347630337	-2.65964172784	2998
row175	518.322045577	4.00667790511	0.0330347630337	-2.65936120834	2716
row176	592.493465058	2.97531579488	0.0336761157268	-2.65014290625	2779
row177	142.122730356	3.80346091235	0.0342245791379	2.64187934738	535
row178	140.01075387	3.36233601575	0.0342245791379	-2.63996533685	507
row179	247.144029875	7.69255780532	0.0345919251059	-2.63391877047	1901
row180	148.060445612	9.5993902709	0.0359861539251	-2.61712465688	631
row181	114.034041318	8.58986693286	0.0368771424486	2.60591144888	175
row182	104.106965669	6.57922915716	0.0377774756033	-2.59296034621	125
row183	268.175172206	3.38427430903	0.0377774756033	-2.59274708447	2058
row184	180.065567795	4.60253190613	0.0391428299962	-2.57733634019	3643
row185	232.117945931	4.37089250103	0.039185535228	2.57488092892	1752
row186	165.112234718	4.26747559117	0.0408119512738	-2.55746630295	885
row187	179.127837532	4.37517839875	0.0412785687633	-2.55112129718	1078
row188	156.07682491	11.7754296911	0.0415140293019	-2.54693582431	737
row189	689.558652963	3.44589840406	0.0438570879002	-2.52399044515	2837
row190	130.049894669	6.71171113046	0.0443394819166	-2.5177872655	367
row191	248.147335862	7.69264965026	0.0453986040842	-2.50672450587	1907
row192	240.142365985	4.38086801218	0.0458077594807	-2.50108190548	1833
row193	205.097262132	9.95605280951	0.0458077594807	-2.49927303419	1439
row194	206.100569273	9.95654527397	0.0477615585425	-2.48117438499	1448
row195	160.034530981	10.5680084086	0.0486860782064	-2.47176491591	815
row196	146.060057949	9.95492012053	0.0492145176367	-2.46559466615	597
row197	199.107791965	6.74435836475	0.0495701678268	-2.46082173984	3750
row198	185.117389163	4.38696326491	0.0545592409615	-2.42137894987	1149
row199	212.149306919	4.40797920596	0.0573579093485	-2.39968960776	1507
row200	338.34160436	3.33678599488	0.0574187461269	-2.39728966205	2451
row201	147.076405843	10.106347763	0.057708795751	2.39261753982	615
row202	174.112561544	6.71071731439	0.057708795751	-2.3913591155	1005
row203	785.651127345	3.29446270681	0.0590087860693	-2.38056656344	2940
row204	218.138725381	8.41637103851	0.0629113934703	-2.35128290398	1591
row205	519.32546194	3.99289224802	0.0629113934703	-2.35111912317	2718
row206	152.05416253	9.80049087974	0.0688318907145	-2.31295452866	690
row207	701.558766415	3.42053495429	0.0696745255284	-2.30467940692	2842
row208	148.04266542	6.7142529037	0.0696745255284	-2.30269527949	626
row209	123.055280434	6.71584604171	0.0696745255284	-2.30216188821	298
row210	180.065528128	6.71078191832	0.0807346968673	-2.23985713994	3642
row211	426.357601378	3.68184710887	0.0822998362273	-2.22994298787	2629
row212	110.071297093	11.7797875746	0.0832058956623	-2.2234380702	162
row213	702.562222455	3.43508991095	0.0832250876021	-2.22138719237	2843
row214	575.466711539	2.97971704731	0.0837332613671	-2.21690794885	2767
row215	189.073888277	9.95317964206	0.08423405573	-2.21248372483	1205
row216	400.342028069	3.76884381625	0.086170178785	-2.20106219538	2600
row217	232.15431364	7.6069807004	0.0862253892748	-2.1988625971	1754
row218	159.076462896	12.419902031	0.0863020442896	-2.19656658526	798
row219	157.080165963	11.7724593988	0.0899854205435	-2.177097342	756
row220	116.070477009	8.61149454931	0.0905732420698	2.17243395894	214
row221	132.142080272	9.27349271079	0.094222714676	2.15381230202	420
row222	594.509007772	2.97821230683	0.0975535753278	-2.13712393865	2780
row223	118.04987377	9.11566244783	0.0976571237426	2.13475538009	229
row224	199.096617299	4.36536888625	0.0989028483912	-2.12743255951	4907
row225	469.388840606	3.15979382128	0.100209510972	-2.11990916439	2667
row226	202.107325769	4.37691728208	0.100366276019	2.11733834798	1391
row227	180.159443604	3.79937528597	0.100517553184	2.11396008652	1089
row228	246.123644855	9.96030024648	0.100517553184	-2.11291151303	1887
row229	133.060769734	12.1002112143	0.102231846436	-2.10375817082	424
row230	164.136320014	3.80013847293	0.102694859785	2.09993383725	878
row231	200.054365519	9.03911797826	0.103615436698	-2.09236046941	1364
row232	163.13287735	3.79946720069	0.103615436698	2.09234497189	862
row233	183.112874884	6.71641156777	0.109315383926	2.06552641324	1122
row234	732.553580271	3.24733806159	0.109315383926	-2.06538169631	2863
row235	107.070277766	3.80810849914	0.110475973171	2.05891441129	152
row236	612.519663086	2.99117168782	0.110519195796	-2.0568886935	2796
row237	146.081198743	8.32931134828	0.112345460139	2.04786680234	599
row238	613.523046875	2.99142322571	0.113997815156	-2.03961282482	2798
row239	132.061895872	9.28242044809	0.116645157457	2.02766157467	411
row240	286.201093073	4.39654007674	0.121030303792	-2.00949121887	2226
row241	159.027786255	9.03375257119	0.122468788682	-2.00239718387	789
row242	187.096441672	4.38444408686	0.124204019283	-1.99428983205	1173
row243	200.172691752	3.36250563691	0.125759214776	-1.98339328795	1372
row244	175.001748678	9.03496360211	0.125759214776	-1.98333180972	1016
row245	147.076388079	6.87883997253	0.125759214776	-1.98196271857	614
row246	209.153694562	3.60986604194	0.125759214776	1.98140731887	1468
row247	201.112250869	4.34517558325	0.12614307787	-1.97822520587	1382
row248	676.546512076	3.46450763159	0.126812505704	-1.97403980344	2832
row249	149.100242908	10.1924075252	0.130814347177	-1.95825090825	3452
row250	558.473051848	3.04166015559	0.132900541665	-1.9492928679	2757
row251	174.112584812	4.38959529295	0.133763671999	1.94455440609	1008
row252	143.08161308	10.3312146037	0.134328534211	-1.94084101522	544
row253	251.185222749	3.75475806102	0.140184737681	-1.91960979335	1931
row254	204.12314174	6.71267228872	0.144848442555	-1.90262930703	1420
row255	168.101977435	6.71441239098	0.144848442555	-1.90100124339	3577
row256	568.339757746	3.67488107021	0.144981256395	-1.89726762436	2763
row257	127.086596061	6.71790310463	0.144981256395	-1.89698520752	330
row258	546.35525216	3.69143678014	0.147543397873	-1.88711575873	2746
row259	198.087410198	9.1032100633	0.148755858745	-1.88154303662	1338
row260	193.09492997	4.6624185428	0.148882877177	-1.87780623061	1271
row261	148.096823319	3.80393541033	0.148882877177	1.8775852928	637
row262	512.334872714	4.20078622348	0.151792320757	-1.86682441889	4343
row263	314.232429981	6.71001001068	0.15202811876	-1.86432940466	2372
row264	120.065543175	9.57777067637	0.152848137386	1.86005525341	259
row265	786.65692393	3.30119168898	0.153453269851	-1.85644824659	2943
row266	619.49072876	2.92791745755	0.154386503569	-1.85185619613	2803
row267	195.122821432	4.40422173628	0.157845628907	-1.83971668347	1322
row268	542.322647353	3.78322037281	0.158583960613	-1.83576785834	2743
row269	176.103011985	12.4235297981	0.158678237692	-1.83373673363	1037
row270	181.162771586	3.80665268725	0.161700552631	1.82309458992	1101
row271	731.605558675	3.37123630729	0.162491837403	-1.81904081889	2861
row272	89.059652909	3.80364270049	0.162711774476	1.81494277185	63
row273	164.029382279	11.5999646262	0.162711774476	-1.81492108972	869
row274	314.232453597	4.36989347173	0.166017723909	-1.80212531084	2371
row275	757.556735335	3.22221415278	0.166017723909	-1.80190926901	2895
row276	160.096846932	6.71847126504	0.167594050766	-1.79567984376	824
row277	247.092393546	9.23847457591	0.172793228742	1.77934220188	3990
row278	117.091008973	4.12308675296	0.174092894135	1.77401561902	3256
row279	178.072381738	9.03937848078	0.180653052725	-1.75299788871	1068
row280	177.106335991	12.4233976027	0.180653052725	-1.75271879818	1053
row281	272.185426448	6.70998645593	0.201031069772	-1.69709891223	2094
row282	663.453161541	3.07059012743	0.201031069772	1.69696892798	2824
row283	266.121456269	6.71217892107	0.205376027581	-1.68462763933	2042
row284	139.050135732	9.04449488445	0.212403878521	-1.66611425725	502
row285	219.142042962	8.41412219989	0.222497800301	-1.64103885448	3867
row286	196.15445088	4.35510243609	0.225978882434	-1.63142312238	1328
row287	760.583855478	3.20659415472	0.225991684327	-1.62962665975	2901
row288	162.050171708	10.4026374615	0.227302847585	-1.62492932403	842
row289	614.535410842	2.98480332695	0.232339056873	-1.612015875	2799
row290	106.04988068	12.4684519451	0.232551119646	1.60978779424	144
row291	328.248145512	4.31440126643	0.234794044158	-1.60312215199	2419
row292	158.117635572	4.39119132418	0.235244760729	-1.60038353597	778
row293	138.049180624	9.04045057562	0.236103523717	-1.59676266858	488
row294	133.099021064	9.28805597918	0.237858713963	1.59120897335	436
row295	176.07068129	8.2961942401	0.239420178798	-1.58609407762	1033
row296	729.589954215	3.38676286191	0.242934265967	-1.57682807684	2855
row297	253.154569706	4.14302397824	0.252259590351	1.55438913786	1960
row298	733.556831965	3.2348017414	0.252259590351	-1.55376934234	2868
row299	214.252950696	6.77671316705	0.25600085465	-1.54432426511	1544
row300	241.031003152	12.5978707577	0.262505175818	1.52939502971	1839
row301	703.574441609	3.41256520774	0.263598083581	-1.52545095295	2844
row302	281.247324277	3.01220610434	0.26518132839	-1.52053758193	2185
row303	176.074062874	4.27690699487	0.267159868112	-1.51485500895	1034
row304	299.258009042	3.05009506547	0.271894123371	-1.50377992807	2289
row305	137.045839132	9.04270668723	0.283011710102	-1.48060115163	480
row306	118.052451226	10.4183518323	0.28868760499	-1.46814715414	232
row307	104.052838157	9.80154753528	0.293570459291	-1.45457858524	121
row308	203.139155739	10.3351863693	0.293570459291	1.45325234632	1405
row309	134.081023668	11.7054950281	0.293570459291	-1.45283520196	443
row310	194.146884373	4.13190482488	0.293570459291	-1.45203027749	1299
row311	212.095165486	4.63103808313	0.294138692982	-1.44922804521	1499
row312	171.076453962	8.30022523384	0.294590797226	-1.44504760145	953
row313	265.118136686	4.4335869256	0.294590797226	-1.44490169214	5128
row314	131.081559332	11.7969044265	0.297614581336	-1.43532216205	399
row315	145.105297089	9.19850094314	0.297614581336	1.43500709617	588
row316	115.086633231	9.1813157524	0.297614581336	1.43330084419	198
row317	187.096541821	6.70944679327	0.297614581336	-1.432384542	1174
row318	160.096874183	10.2328499869	0.299996593585	1.42628500227	817
row319	184.096931056	4.41351942383	0.300825558889	1.42304335454	4855
row320	91.058296053	11.7939896103	0.305080578218	-1.41358046827	73
row321	152.070632299	6.70876916231	0.307314622882	1.40782333218	692
row322	154.072402376	9.03697799013	0.311988137371	-1.39772875883	4735
row323	315.235863037	4.37261360319	0.315657855645	-1.38949305815	2378
row324	157.097244056	6.73510110094	0.315891211457	-1.38735624281	761
row325	342.263850162	4.15032438856	0.319622401904	-1.3790678828	2469
row326	105.073995891	10.2258736913	0.320179101468	1.37637093786	134
row327	90.0549752085	11.7950020218	0.325414886086	-1.36553337494	67
row328	218.211481596	6.69937511562	0.329820699937	-1.3562192904	1599
row329	761.58776213	3.20233150833	0.331003921909	-1.35246938047	2902
row330	144.101975301	9.19625632448	0.33165215071	1.34964025687	565
row331	343.189620417	9.2923357267	0.332109562365	1.34714122539	2472
row332	230.158011343	10.5509918864	0.333760657471	1.3426085185	1731
row333	225.148548453	3.58881643063	0.333952983704	1.34056906341	1659
row334	134.108634059	9.30018421682	0.334177543428	1.33847817781	3349
row335	103.069531816	9.63255961593	0.335299751404	-1.33486122954	116
row336	317.268570818	2.99278254469	0.33747283366	-1.32946658709	2392
row337	757.621024392	3.3754228403	0.341947122131	-1.32021296089	2896
row338	174.112560667	9.82136113308	0.342796214864	1.31675879424	1004
row339	704.577804565	3.41484495972	0.342796214864	-1.31538469116	2845
row340	273.185812054	3.45163469362	0.343110889085	-1.31316008912	2096
row341	239.148649316	4.38227518452	0.343471409503	-1.31028603209	1824
row342	138.054955363	6.72646302081	0.343471409503	-1.30917241064	491
row343	788.670919565	3.32101145049	0.344736362918	-1.30536251192	2951
row344	664.456694685	3.07828230719	0.346392558824	1.30045628682	2825
row345	200.128239751	6.73195562925	0.346392558824	1.29922248837	1366
row346	170.117574661	6.71231884259	0.347575394153	1.29556581761	944
row347	680.479823062	3.07306981084	0.349113786175	1.29132223931	2834
row348	150.058374104	6.72035305874	0.356935429904	1.2751422273	668
row349	183.974693576	12.4944240934	0.356935429904	1.27503298094	1125
row350	144.101989304	6.7077556235	0.363168681625	-1.26200611423	568
row351	141.065876911	8.53790969116	0.363168681625	-1.26150198284	516
row352	131.089654521	10.3136792158	0.367533464768	-1.25276683227	401
row353	153.065878718	6.75941942253	0.373442530022	1.24162328492	704
row354	242.284095965	6.71101664839	0.384549852965	-1.22242974021	1844
row355	151.096529749	6.6976043427	0.388824973904	-1.21409053327	683
row356	114.055063963	9.6258286819	0.390296201272	1.21011945171	177
row357	128.070602962	6.71255657271	0.39867127571	-1.19557319346	5793
row358	154.069228724	6.76426534495	0.400622839059	1.19090468415	716
row359	134.081169025	7.23370454806	0.402497935855	-1.18531862206	444
row360	182.08128106	10.8253124027	0.402497935855	1.1846643953	1105
row361	286.201059702	6.71285183892	0.402539431795	-1.18290800288	2225
row362	288.216820417	4.3840229851	0.403386011219	-1.17993341813	2234
row363	189.123420816	10.435195654	0.407989093342	1.17128984262	1213
row364	104.070601815	10.2203901811	0.409767665671	1.16692529996	122
row365	140.068200217	9.59522505195	0.41009304162	1.16079737506	510
row366	615.538849369	2.99217065465	0.41009304162	-1.16066749849	2800
row367	130.086324089	10.3158538638	0.41009304162	-1.15941898017	371
row368	204.123168509	4.37370738497	0.41009304162	-1.15823672391	3779
row369	148.096826375	10.9467899537	0.41009304162	-1.15802461772	641
row370	303.023937828	10.4124143605	0.411912031765	-1.15361374396	2319
row371	129.127384132	3.49848189926	0.413719083665	-1.14922830211	357
row372	239.127763278	3.59801563435	0.41440561274	-1.14652814407	1819
row373	157.060843919	9.81763855335	0.41579557457	-1.14277745512	754
row374	183.084596032	10.8254468782	0.427794024355	1.12332133308	1116
row375	136.075745934	10.8269335321	0.431776325261	1.11581257175	467
row376	164.119436164	10.7393043131	0.435482025181	1.10862030189	877
row377	174.131865012	9.28929556927	0.435482025181	1.10705664128	1010
row378	262.14361512	6.6858191201	0.436053353694	-1.10409992079	2019
row379	151.057927258	9.80727609407	0.436053353694	1.1013922124	677
row380	158.0812246	9.01090386508	0.436053353694	-1.10120292602	3502
row381	139.050258954	7.04541618977	0.437260309915	1.09777822721	499
row382	161.09232039	6.73059151902	0.437643873505	1.0955535445	835
row383	138.05500683	9.88574317021	0.439079242682	-1.09142910813	490
row384	175.107808966	10.8435925992	0.439079242682	-1.09014015762	1022
row385	266.121519186	4.45711663365	0.440074534753	-1.08609384403	2043
row386	265.118113066	6.71132185144	0.440074534753	-1.08537606964	2038
row387	202.107466513	6.7121410988	0.443837592899	1.07826496569	1389
row388	138.042923535	9.04319852431	0.444196646704	-1.07608915706	487
row389	316.24815979	6.7085415433	0.446125699965	-1.07164775905	2385
row390	300.201438378	4.30861422124	0.447432575819	-1.06728897252	2293
row391	223.096549385	3.49122227776	0.447432575819	-1.06645745165	1642
row392	256.175326498	4.38253153783	0.451876466427	-1.05841595319	1976
row393	134.106129659	9.28237363941	0.453978952008	1.05332502698	450
row394	145.097196012	11.1439323125	0.453978952008	1.05210216316	583
row395	146.081210836	10.3550096682	0.459496270615	-1.04258290467	600
row396	194.092490031	6.79009214638	0.460145311168	1.04000903413	1295
row397	163.115813908	10.7418861628	0.460300507508	1.03813909577	859
row398	248.149168212	9.47752928409	0.466271718016	1.02803490288	1908
row399	129.102224986	10.8821118449	0.470260506991	1.02077062509	353
row400	217.129543516	11.6414348776	0.472832477389	-1.01551251234	1582
row401	132.065557222	8.3417847294	0.476394966419	1.00888323672	413
row402	165.054702257	10.828761338	0.476612896686	1.00574753946	883
row403	239.138904973	6.70223023443	0.476612896686	-1.00527378671	1821
row404	206.127345226	9.28120147161	0.482554324064	-0.995362358929	1449
row405	133.105275706	9.28400534311	0.486369323514	0.988435282956	437
row406	132.10193634	9.28268114994	0.488346616874	0.984055667712	417
row407	184.096899196	6.7111141752	0.489326582235	0.979288449402	4854
row408	114.055031103	8.43270522521	0.489326582235	0.979273978364	176
row409	136.048232602	8.55757372319	0.489326582235	0.977750088835	460
row410	191.164194408	3.60631564957	0.492074885709	-0.972319685553	1251
row411	158.117638675	8.65825398384	0.498580726063	0.961763919648	777
row412	188.09180538	4.43717427945	0.503315226163	-0.953671012034	1192
row413	288.216792163	6.71057538781	0.505380051941	-0.949216857135	2235
row414	762.591349284	3.20570510795	0.505630311027	-0.946983954612	2904
row415	130.065154281	6.72681043413	0.505630311027	-0.944585315728	3317
row416	162.112485598	10.7402116694	0.505630311027	0.942953254402	848
row417	216.159542285	4.31319831703	0.505630311027	0.942238320367	1572
row418	174.087404963	11.5179826485	0.505630311027	-0.939384017695	1002
row419	256.165400187	6.70207368158	0.505630311027	0.937772731496	1970
row420	244.190778475	3.87308355631	0.505630311027	-0.937344253662	1870
row421	118.074790101	10.5767626088	0.505919204264	-0.935313225164	238
row422	260.185491761	6.71452574696	0.513237866185	-0.923748393238	2006
row423	76.0757065328	9.35989326927	0.524403419763	0.906362398605	20
row424	627.535191051	3.00660603731	0.524403419763	-0.905467412532	2804
row425	163.109594445	10.7406219766	0.529548491117	0.896862850604	855
row426	148.096812298	10.1861173674	0.529548491117	-0.895315770555	635
row427	454.29274401	3.81597289106	0.532971207498	0.889124178041	2654
row428	188.128160477	6.71155794477	0.536288208516	0.883085020025	1196
row429	745.592627892	3.1969129755	0.543111837112	-0.870850877439	2881
row430	105.073990337	11.1499613848	0.543111837112	0.870058550246	135
row431	173.128555699	9.28048446066	0.543111837112	0.869136934792	996
row432	181.039702733	9.67024741769	0.544407932188	-0.865206434104	1095
row433	164.116464314	10.7396773713	0.544407932188	0.864128219084	876
row434	220.118007609	7.99788879412	0.545710623832	-0.860766377073	1623
row435	243.948088805	10.0775303694	0.546195708945	-0.857845191654	3975
row436	231.133939442	10.577613627	0.546195708945	-0.856831864692	1740
row437	763.594949433	3.20319249294	0.546213017468	-0.855163664776	2906
row438	198.112592578	4.38443258855	0.546869160353	0.852656928555	1340
row439	131.089657024	9.51298111361	0.560643898372	0.833014150305	402
row440	158.100585737	10.5738680722	0.561857579613	-0.829784466256	776
row441	237.05221221	10.4105706134	0.562812375203	-0.826891850335	1808
row442	102.054975221	9.79951395738	0.563262525613	-0.824654802271	109
row443	139.050221092	9.67439283877	0.563660054761	0.82248752256	498
row444	127.072722379	9.9967415248	0.582560638063	0.796537272997	327
row445	236.11285226	3.48746733994	0.58684533271	-0.789419651408	1800
row446	129.065845552	10.9377792422	0.587599796219	-0.786789720627	3305
row447	272.18544947	3.48876436857	0.587962335708	-0.784658500815	2093
row448	130.08632419	9.51387876834	0.588058612634	0.78286711424	372
row449	117.073946702	10.5784709864	0.589757982191	-0.778245806845	224
row450	200.027071903	10.5774227918	0.589757982191	-0.777373727713	1363
row451	213.123385029	6.71359959697	0.60061286283	-0.761973747114	1526
row452	188.091793161	6.71139221512	0.608203816151	-0.750125890591	1191
row453	171.101638678	4.37023949575	0.608203816151	0.749087698643	955
row454	223.107745622	10.8223846118	0.62188934464	0.730366894147	1644
row455	705.581534536	3.4138461302	0.622176868562	-0.726236247451	2848
row456	228.123088229	6.70605872016	0.622176868562	-0.725585528694	1684
row457	70.0651239596	10.5779601275	0.622176868562	-0.724934800451	1
row458	316.248171378	4.31512486349	0.622502446416	-0.72284261672	2384
row459	326.378002514	6.70673749395	0.627200258997	-0.715331152945	2412
row460	142.08635962	9.04297342577	0.628054985183	0.712583131975	531
row461	177.054698308	3.47783024731	0.628336722784	-0.710248838303	1041
row462	171.095777642	10.5260529806	0.628336722784	-0.708858344553	954
row463	327.158314354	10.5766294741	0.629991811025	-0.705121031023	2416
row464	105.110563819	16.7011050266	0.63125450493	0.70187082631	137
row465	76.0393112584	12.3886194878	0.636098864709	0.693935137077	18
row466	157.086033161	4.40159045318	0.636098864709	-0.692503223216	759
row467	232.117918788	6.70932791419	0.648667108283	0.675349272249	1751
row468	151.061510032	7.64546953727	0.65562973181	0.663431615763	679
row469	246.169904709	6.86309391423	0.65562973181	-0.662408131966	1895
row470	202.143864176	6.71118762425	0.65562973181	0.661664536	1394
row471	188.128191409	4.39418400885	0.65562973181	-0.660030497051	1195
row472	246.133181789	6.7111820492	0.668471152751	-0.64270296355	1889
row473	106.086293916	9.50445115234	0.671696403868	-0.637085107173	145
row474	118.077185079	10.5780229587	0.671990970025	-0.635012821542	239
row475	160.116195578	10.4075139525	0.679810779347	-0.623856154548	825
row476	143.106741224	4.38605891883	0.681324956669	-0.620310368671	3390
row477	169.085983169	6.707108773	0.682520854364	0.617147917774	929
row478	201.112240906	6.70075358814	0.688455077019	-0.606619128892	1383
row479	746.60433524	3.1912716127	0.688455077019	-0.606563260759	2883
row480	173.117157217	4.25529260877	0.689183805537	-0.602069911976	989
row481	157.09724095	10.5788550074	0.689183805537	-0.601940840054	760
row482	144.102002019	10.3127791655	0.689183805537	-0.600514840347	569
row483	216.058481505	9.32192192396	0.690113692679	0.597673468227	1564
row484	156.101995587	6.71109385884	0.692491517619	-0.593088439029	742
row485	117.067634432	10.5803915327	0.692637310282	-0.589495476836	223
row486	249.184855068	3.42338288641	0.692637310282	-0.589471509895	1911
row487	132.076762772	11.7119474476	0.712303355629	0.563687088475	416
row488	154.049869319	6.71730156092	0.712303355629	0.562431322494	712
row489	155.092721538	8.6058847243	0.71289652119	-0.559984185038	725
row490	230.095791926	11.9510369298	0.722908157552	-0.54632898095	1724
row491	118.061084597	12.5313950379	0.730048700896	-0.536118739719	233
row492	240.142205489	6.70325703983	0.738193658316	0.523751755493	1832
row493	170.09242986	10.5478900942	0.738193658316	-0.522981729446	10779
row494	284.196829282	6.69721897964	0.740657484845	-0.518312612445	2202
row495	87.0789191723	11.7103396677	0.740710247225	-0.51648474669	58
row496	115.063217765	8.60420427116	0.7431660984	-0.511823140271	191
row497	170.117611143	4.38330367884	0.749983906009	0.5020272215	943
row498	156.138399482	4.38882315816	0.762475525989	0.485502445888	748
row499	218.138473055	4.21719841071	0.762475525989	-0.483820896697	1592
row500	198.112560756	6.71449368113	0.766954973456	-0.474536055269	1341
row501	147.120945183	10.7328460256	0.766954973456	0.473399949507	3438
row502	217.179928335	3.49688506749	0.766954973456	-0.473216911851	1583
row503	168.123077602	6.69642852013	0.772730766823	-0.463048455742	922
row504	287.099995375	6.7203394728	0.772730766823	-0.461591635586	4109
row505	120.092919601	10.4045216178	0.772730766823	0.460262633267	269
row506	304.211732366	6.72258173874	0.772730766823	-0.459295006709	2320
row507	130.086309897	6.71466468117	0.775381359037	-0.45439754017	374
row508	257.113046515	8.04658580548	0.776776219569	0.450970407448	1982
row509	268.140266087	9.2184141296	0.777107027457	-0.448790417921	2057
row510	150.11252065	8.21405355074	0.786994516613	0.435414218657	670
row511	133.07379572	11.6910543399	0.787011001823	-0.433592164969	428
row512	102.054974001	11.5988692734	0.791283797964	0.426779069986	107
row513	229.154701835	10.5569367841	0.791283797964	0.424985115588	1713
row514	186.112677002	4.39472383892	0.791927016708	-0.421753678084	1156
row515	133.080099809	11.6907787635	0.791927016708	-0.420623308893	429
row516	115.069548506	8.60199140214	0.794064134367	-0.416313091819	192
row517	119.083410815	9.60849022777	0.794209103316	0.414338786863	254
row518	158.081241137	4.52650399937	0.797354857071	0.408314828801	4755
row519	130.069300802	11.7380389445	0.797354857071	-0.405613633207	369
row520	74.0600356518	11.6090911751	0.797354857071	0.403443259594	10
row521	132.101927908	6.70333532874	0.797354857071	-0.403427150637	418
row522	216.123111157	6.72113451357	0.798934652737	0.399762957974	4977
row523	283.103406733	7.63893658778	0.800631869608	0.392607940573	2192
row524	202.143872172	4.3816757114	0.800631869608	-0.391796779488	1393
row525	139.017925878	4.76509924507	0.800631869608	0.391532972513	497
row526	310.201327883	4.3724006387	0.800631869608	0.390550801952	2351
row527	228.12258888	8.59394655737	0.802878343462	0.386091374129	1686
row528	228.123110621	4.3899315022	0.811329973052	-0.373606849779	1685
row529	124.086992957	10.3561221657	0.811329973052	0.372484192633	309
row530	86.096400228	9.24832954253	0.813428875355	0.368191056651	49
row531	176.065845774	9.28788886166	0.814832518015	0.364344478257	1032
row532	219.018991771	10.5758213153	0.814832518015	-0.362903451713	1610
row533	125.096142753	4.3767845295	0.814846868504	-0.361073628215	318
row534	161.092090306	11.6036774285	0.817265841583	0.356076174006	834
row535	183.078154213	3.60118124723	0.817265841583	0.354307049049	1112
row536	119.083410564	10.406870962	0.817265841583	-0.352765862941	255
row537	120.092930744	9.60800084844	0.822645821521	0.344559586266	268
row538	114.066231583	8.59995237746	0.840396060917	-0.321237328858	183
row539	301.989913247	10.403313712	0.840396060917	0.319872980484	2303
row540	148.096792399	9.10577367895	0.842588327567	0.313926273526	638
row541	149.063827624	11.7641884347	0.842588327567	-0.313593353412	658
row542	119.089638861	9.60893962069	0.844226660375	0.309808686539	256
row543	480.344769694	3.77761413781	0.847008005468	-0.304666698624	2677
row544	204.950964961	9.66439462291	0.850371893073	0.296094641178	1432
row545	183.101672925	6.70203946893	0.850371893073	-0.292728872602	1118
row546	118.086244325	9.60742545992	0.850371893073	0.290977365218	240
row547	118.120189721	10.4024711469	0.850371893073	-0.289889071575	248
row548	202.180192065	6.86563350435	0.850371893073	-0.289336922794	4923
row549	146.117582422	10.7265338251	0.850371893073	0.286542102815	604
row550	284.330980895	6.89412121698	0.850371893073	0.286532625876	2207
row551	72.0808040217	10.4047291287	0.850371893073	-0.284596952013	6
row552	734.568844444	3.22581704331	0.850371893073	0.284044177534	2870
row553	222.170041536	3.48165072596	0.853612344272	0.278318168565	1638
row554	329.173964629	10.3999451489	0.85657987527	0.272914246789	2425
row555	166.086333211	6.71470522499	0.859814438784	-0.267185641272	897
row556	275.103332214	4.73097605533	0.866883770904	0.254738319092	2116
row557	236.072931741	4.66516492581	0.866883770904	0.253355003051	1798
row558	160.133299978	10.6992974004	0.866883770904	-0.253128836453	826
row559	343.295467189	4.11481187822	0.86795967299	-0.249972297496	2476
row560	119.089640969	10.4075723281	0.872457950238	-0.242004980711	257
row561	120.09051082	9.60833441162	0.872457950238	0.237300158543	266
row562	508.376312041	3.77338383141	0.872457950238	-0.236239464893	2706
row563	114.05500412	6.71170752458	0.872457950238	-0.234928368844	181
row564	133.068867594	11.573744912	0.872457950238	-0.233718036077	427
row565	226.180166391	3.89297026683	0.872457950238	-0.23335400211	1669
row566	790.622256192	3.18252007494	0.877440915232	-0.225457963682	2956
row567	186.112525438	6.71080562973	0.878173227471	0.222697358834	1155
row568	114.066248074	11.6878951241	0.883310920949	-0.214599657545	184
row569	218.138736099	6.70694640986	0.884243276451	0.211587637788	1593
row570	332.331023298	6.71605800853	0.8879538576	0.205204346568	2441
row571	186.112543673	9.3974064942	0.88947689238	0.201141966543	1154
row572	482.360557992	3.86972975835	0.88947689238	0.199577650793	2680
row573	214.090887851	4.63741911376	0.891601512175	-0.19510379259	1533
row574	129.065856331	11.7393010541	0.89391970093	-0.190389258417	344
row575	328.161703256	10.5872067527	0.894607205716	0.187656088735	2418
row576	121.068885301	11.6072150413	0.901038782984	0.17791723176	273
row577	198.084980413	12.4151472024	0.905731378836	0.168570707155	1337
row578	114.098458225	8.60431950566	0.905731378836	-0.168374535385	187
row579	229.154663789	8.61264972402	0.909705361087	0.161605641181	1712
row580	205.143559105	3.48202377223	0.91108981127	0.157993453585	1442
row581	175.071430149	9.92745219836	0.919120005257	0.146246108028	1019
row582	102.066213457	9.64806837092	0.91949730755	-0.143849946084	111
row583	297.242404049	3.2141627939	0.926049326705	0.13388591261	2286
row584	246.24264697	6.66363520002	0.944327527634	-0.10862549448	1898
row585	344.279508803	4.10462189802	0.944327527634	0.107573607472	2480
row586	142.948117665	12.4794647823	0.957793627301	0.0890878620702	541
row587	120.090516291	10.4042893035	0.972368406987	-0.0686255195698	267
row588	239.138971329	4.38045851107	0.972368406987	-0.065461454838	1822
row589	118.086226363	10.4061008576	0.972368406987	-0.0633296614696	241
row590	730.59344205	3.3866545984	0.972368406987	0.0631315894972	2857
row591	129.102238816	10.1401051833	0.97274951882	0.0606333703052	352
row592	156.102002003	4.37061432112	0.973851916295	0.0572434420194	743
row593	148.060419986	11.7584354239	0.977861109202	-0.0502559014191	630
row594	202.042729428	10.4067607312	0.979476953399	0.0462169681248	1388
row595	735.572416976	3.22430834643	0.980299511429	0.0431556708526	2871
row596	191.084932923	9.80184624308	0.980997772351	0.0402457160419	1238
row597	159.112869965	10.4069893694	0.98204770176	0.0368957908004	805
row598	120.065558132	11.6047272634	0.983075307097	0.0335697204511	258
row599	148.096785159	6.83271463708	0.990961857833	-0.0216830156766	636
row600	743.577063543	3.20198222918	0.992432894215	0.0162711249838	2876
row601	132.065596229	11.5752025607	0.992432894215	-0.013701026701	412
row602	261.120855103	6.69968897148	0.992432894215	-0.0136485560282	2012
row603	344.227831268	4.19660254665	0.994239515118	0.00931396993683	2478
row604	239.164100071	3.51224592698	0.996504642685	0.00439545597035	1829
